			cm	t		distancia
81	4.389741	81	4.389741	0.012345679	0.012345679	0.04389741
81	4.508843	81	4.508843	0.012345679	0.024691358	0.04508843
81	4.491828	81	4.491828	0.012345679	0.037037037	0.04491828
81	4.015422	81	4.015422	0.012345679	0.049382716	0.04015422
81	4.440785	81	4.440785	0.012345679	0.061728395	0.04440785
81	4.440785	81	4.440785	0.012345679	0.074074074	0.04440785
81	3.862292	81	3.862292	0.012345679	0.086419753	0.03862292
81	4.372727	81	4.372727	0.012345679	0.098765432	0.04372727
81	4.372727	81	4.372727	0.012345679	0.111111111	0.04372727
81	3.896321	81	3.896321	0.012345679	0.12345679	0.03896321
81	4.321683	81	4.321683	0.012345679	0.135802469	0.04321683
81	4.304669	81	4.304669	0.012345679	0.148148148	0.04304669
81	4.219596	81	4.219596	0.012345679	0.160493827	0.04219596
81	4.321683	81	4.321683	0.012345679	0.172839506	0.04321683
81	4.304669	81	4.304669	0.012345679	0.185185185	0.04304669
81	4.219596	81	4.219596	0.012345679	0.197530864	0.04219596
81	4.321683	81	4.321683	0.012345679	0.209876543	0.04321683
81	4.321683	81	4.321683	0.012345679	0.222222222	0.04321683
81	3.794234	81	3.794234	0.012345679	0.234567901	0.03794234
81	3.896321	81	3.896321	0.012345679	0.24691358	0.03896321
81	4.372727	81	4.372727	0.012345679	0.259259259	0.04372727
81	4.27064	81	4.27064	0.012345679	0.271604938	0.0427064
81	4.372727	81	4.372727	0.012345679	0.283950617	0.04372727
81	3.964379	81	3.964379	0.012345679	0.296296296	0.03964379
81	3.947364	81	3.947364	0.012345679	0.308641975	0.03947364
81	4.440785	81	4.440785	0.012345679	0.320987654	0.04440785
81	4.440785	81	4.440785	0.012345679	0.333333333	0.04440785
81	4.338698	81	4.338698	0.012345679	0.345679012	0.04338698
81	4.321683	81	4.321683	0.012345679	0.358024691	0.04321683
81	4.440785	81	4.440785	0.012345679	0.37037037	0.04440785
81	4.440785	81	4.440785	0.012345679	0.382716049	0.04440785
81	4.338698	81	4.338698	0.012345679	0.395061728	0.04338698
81	3.913335	81	3.913335	0.012345679	0.407407407	0.03913335
81	4.015422	81	4.015422	0.012345679	0.419753086	0.04015422
81	4.015422	81	4.015422	0.012345679	0.432098765	0.04015422
81	4.032437	81	4.032437	0.012345679	0.444444444	0.04032437
81	4.389741	81	4.389741	0.012345679	0.456790123	0.04389741
81	4.389741	81	4.389741	0.012345679	0.469135802	0.04389741
81	4.491828	81	4.491828	0.012345679	0.481481481	0.04491828
81	4.491828	81	4.491828	0.012345679	0.49382716	0.04491828
81	4.491828	81	4.491828	0.012345679	0.50617284	0.04491828
81	4.389741	81	4.389741	0.012345679	0.518518519	0.04389741
81	4.491828	81	4.491828	0.012345679	0.530864198	0.04491828
81	4.015422	81	4.015422	0.012345679	0.543209877	0.04015422
81	4.015422	81	4.015422	0.012345679	0.555555556	0.04015422
81	4.015422	81	4.015422	0.012345679	0.567901235	0.04015422
81	4.015422	81	4.015422	0.012345679	0.580246914	0.04015422
81	4.015422	81	4.015422	0.012345679	0.592592593	0.04015422
81	3.913335	81	3.913335	0.012345679	0.604938272	0.03913335
81	4.491828	81	4.491828	0.012345679	0.617283951	0.04491828
81	4.508843	81	4.508843	0.012345679	0.62962963	0.04508843
81	4.389741	81	4.389741	0.012345679	0.641975309	0.04389741
81	4.389741	81	4.389741	0.012345679	0.654320988	0.04389741
81	4.389741	81	4.389741	0.012345679	0.666666667	0.04389741
81	4.08348	81	4.08348	0.012345679	0.679012346	0.0408348
81	4.066466	81	4.066466	0.012345679	0.691358025	0.04066466
81	4.559886	81	4.559886	0.012345679	0.703703704	0.04559886
81	4.440785	81	4.440785	0.012345679	0.716049383	0.04440785
81	4.457799	81	4.457799	0.012345679	0.728395062	0.04457799
81	4.08348	81	4.08348	0.012345679	0.740740741	0.0408348
81	4.08348	81	4.08348	0.012345679	0.75308642	0.0408348
81	4.389741	81	4.389741	0.012345679	0.765432099	0.04389741
81	4.015422	81	4.015422	0.012345679	0.777777778	0.04015422
81	4.440785	81	4.440785	0.012345679	0.790123457	0.04440785
81	4.440785	81	4.440785	0.012345679	0.802469136	0.04440785
81	4.372727	81	4.372727	0.012345679	0.814814815	0.04372727
81	3.896321	81	3.896321	0.012345679	0.827160494	0.03896321
81	4.321683	81	4.321683	0.012345679	0.839506173	0.04321683
81	3.74319	81	3.74319	0.012345679	0.851851852	0.0374319
81	4.253625	81	4.253625	0.012345679	0.864197531	0.04253625
81	3.777219	81	3.777219	0.012345679	0.87654321	0.03777219
81	4.100495	81	4.100495	0.012345679	0.888888889	0.04100495
81	4.202582	81	4.202582	0.012345679	0.901234568	0.04202582
81	3.726176	81	3.726176	0.012345679	0.913580247	0.03726176
81	4.032437	81	4.032437	0.012345679	0.925925926	0.04032437
81	4.134524	81	4.134524	0.012345679	0.938271605	0.04134524
81	4.134524	81	4.134524	0.012345679	0.950617284	0.04134524
81	4.032437	81	4.032437	0.012345679	0.962962963	0.04032437
81	3.607074	81	3.607074	0.012345679	0.975308642	0.03607074
81	4.508843	81	4.508843	0.012345679	0.987654321	0.04508843
81	4.202582	81	4.202582	0.012345679	1	0.04202582
81	4.202582	81	4.202582	0.012345679	1.012345679	0.04202582
81	4.015422	81	4.015422	0.012345679	1.024691358	0.04015422
81	4.559886	81	4.559886	0.012345679	1.037037037	0.04559886
81	5.019278	81	5.019278	0.012345679	1.049382716	0.05019278
81	5.087336	81	5.087336	0.012345679	1.061728395	0.05087336
81	5.580756	81	5.580756	0.012345679	1.074074074	0.05580756
81	6.99296	81	6.99296	0.012345679	1.086419753	0.0699296
81	7.537424	81	7.537424	0.012345679	1.098765432	0.07537424
81	9.153801	81	9.153801	0.012345679	1.111111111	0.09153801
81	10.038555	81	10.038555	0.012345679	1.12345679	0.10038555
81	11.705976	81	11.705976	0.012345679	1.135802469	0.11705976
81	13.560557	81	13.560557	0.012345679	1.148148148	0.13560557
81	14.581427	81	14.581427	0.012345679	1.160493827	0.14581427
81	16.231833	81	16.231833	0.012345679	1.172839506	0.16231833
81	18.681921	81	18.681921	0.012345679	1.185185185	0.18681921
81	20.638589	81	20.638589	0.012345679	1.197530864	0.20638589
81	22.731372	81	22.731372	0.012345679	1.209876543	0.22731372
81	25.725924	81	25.725924	0.012345679	1.222222222	0.25725924
81	28.039896	81	28.039896	0.012345679	1.234567901	0.28039896
81	31.732043	81	31.732043	0.012345679	1.24691358	0.31732043
81	34.114073	81	34.114073	0.012345679	1.259259259	0.34114073
81	38.469785	81	38.469785	0.012345679	1.271604938	0.38469785
80	42.349091	80	42.349091	0.0125	1.284104938	0.42349091
80	46.27944	80	46.27944	0.0125	1.296604938	0.4627944
80	50.635152	80	50.635152	0.0125	1.309104938	0.50635152
80	76.803453	80	76.803453	0.0125	1.321604938	0.76803453
80	60.979968	80	60.979968	0.0125	1.334104938	0.60979968
80	68.075015	80	68.075015	0.0125	1.346604938	0.68075015
79	71.256726	79	71.256726	0.012658228	1.359263166	0.71256726
79	73.519655	79	73.519655	0.012658228	1.371921394	0.73519655
79	66.441623	79	66.441623	0.012658228	1.384579622	0.66441623
78	67.462493	78	67.462493	0.012820513	1.397400135	0.67462493
78	67.326377	78	67.326377	0.012820513	1.410220647	0.67326377
78	69.827508	78	69.827508	0.012820513	1.42304116	0.69827508
78	62.902607	78	62.902607	0.012820513	1.435861673	0.62902607
78	64.399883	78	64.399883	0.012820513	1.448682186	0.64399883
77	70.252871	77	70.252871	0.012987013	1.461669199	0.70252871
77	69.895566	77	69.895566	0.012987013	1.474656212	0.69895566
77	75.442293	77	75.442293	0.012987013	1.487643225	0.75442293
77	66.901014	77	66.901014	0.012987013	1.500630238	0.66901014
76	70.2869	76	70.2869	0.013157895	1.513788133	0.702869
76	74.642612	76	74.642612	0.013157895	1.526946027	0.74642612
76	65.897159	76	65.897159	0.013157895	1.540103922	0.65897159
76	65.488811	76	65.488811	0.013157895	1.553261817	0.65488811
75	71.869248	75	71.869248	0.013333333	1.56659515	0.71869248
75	73.281452	75	73.281452	0.013333333	1.579928483	0.73281452
75	68.466348	75	68.466348	0.013333333	1.593261817	0.68466348
75	66.067304	75	66.067304	0.013333333	1.60659515	0.66067304
75	65.999246	75	65.999246	0.013333333	1.619928483	0.65999246
74	65.471796	74	65.471796	0.013513514	1.633441997	0.65471796
74	65.52284	74	65.52284	0.013513514	1.646955511	0.6552284
74	64.178694	74	64.178694	0.013513514	1.660469024	0.64178694
73	64.229738	73	64.229738	0.01369863	1.674167654	0.64229738
73	65.539854	73	65.539854	0.01369863	1.687866284	0.65539854
73	65.539854	73	65.539854	0.01369863	1.701564914	0.65539854
73	67.275333	73	67.275333	0.01369863	1.715263545	0.67275333
73	66.492666	73	66.492666	0.01369863	1.728962175	0.66492666
72	65.539854	72	65.539854	0.013888889	1.742851064	0.65539854
72	63.344984	72	63.344984	0.013888889	1.756739952	0.63344984
72	64.638086	72	64.638086	0.013888889	1.770628841	0.64638086
72	65.063448	72	65.063448	0.013888889	1.78451773	0.65063448
72	65.471796	72	65.471796	0.013888889	1.798406619	0.65471796
71	72.396698	71	72.396698	0.014084507	1.812491126	0.72396698
71	72.430727	71	72.430727	0.014084507	1.826575633	0.72430727
71	71.954321	71	71.954321	0.014084507	1.84066014	0.71954321
71	72.396698	71	72.396698	0.014084507	1.854744647	0.72396698
71	71.818205	71	71.818205	0.014084507	1.868829154	0.71818205
70	71.494929	70	71.494929	0.014285714	1.883114869	0.71494929
70	69.334088	70	69.334088	0.014285714	1.897400583	0.69334088
70	70.167798	70	70.167798	0.014285714	1.911686297	0.70167798
70	71.511944	70	71.511944	0.014285714	1.925972012	0.71511944
69	71.80119	69	71.80119	0.014492754	1.940464765	0.7180119
69	72.396698	69	72.396698	0.014492754	1.954957519	0.72396698
69	56.947532	69	56.947532	0.014492754	1.969450272	0.56947532
69	72.82206	69	72.82206	0.014492754	1.983943026	0.7282206
69	72.805046	69	72.805046	0.014492754	1.99843578	0.72805046
69	66.322521	69	66.322521	0.014492754	2.012928533	0.66322521
68	64.638086	68	64.638086	0.014705882	2.027634416	0.64638086
68	64.638086	68	64.638086	0.014705882	2.042340298	0.64638086
68	65.063448	68	65.063448	0.014705882	2.05704618	0.65063448
68	64.229738	68	64.229738	0.014705882	2.071752063	0.64229738
68	64.229738	68	64.229738	0.014705882	2.086457945	0.64229738
68	64.331825	68	64.331825	0.014705882	2.101163827	0.64331825
67	63.787361	67	63.787361	0.014925373	2.1160892	0.63787361
67	64.212723	67	64.212723	0.014925373	2.131014574	0.64212723
67	64.6551	67	64.6551	0.014925373	2.145939947	0.646551
67	64.621071	67	64.621071	0.014925373	2.16086532	0.64621071
66	64.638086	66	64.638086	0.015151515	2.176016835	0.64638086
66	64.740173	66	64.740173	0.015151515	2.19116835	0.64740173
66	64.638086	66	64.638086	0.015151515	2.206319865	0.64638086
66	64.638086	66	64.638086	0.015151515	2.221471381	0.64638086
66	64.331825	66	64.331825	0.015151515	2.236622896	0.64331825
66	64.212723	66	64.212723	0.015151515	2.251774411	0.64212723
65	64.31481	65	64.31481	0.015384615	2.267159026	0.6431481
65	64.212723	65	64.212723	0.015384615	2.282543642	0.64212723
65	64.740173	65	64.740173	0.015384615	2.297928257	0.64740173
65	63.804375	65	63.804375	0.015384615	2.313312872	0.63804375
65	63.804375	65	63.804375	0.015384615	2.328697488	0.63804375
65	64.723158	65	64.723158	0.015384615	2.344082103	0.64723158
64	64.6551	64	64.6551	0.015625	2.359707103	0.646551
64	64.740173	64	64.740173	0.015625	2.375332103	0.64740173
64	64.229738	64	64.229738	0.015625	2.390957103	0.64229738
64	64.638086	64	64.638086	0.015625	2.406582103	0.64638086
64	64.638086	64	64.638086	0.015625	2.422207103	0.64638086
64	64.638086	64	64.638086	0.015625	2.437832103	0.64638086
63	64.740173	63	64.740173	0.015873016	2.453705119	0.64740173
63	64.638086	63	64.638086	0.015873016	2.469578135	0.64638086
63	65.097477	63	65.097477	0.015873016	2.485451151	0.65097477
63	65.097477	63	65.097477	0.015873016	2.501324167	0.65097477
63	65.097477	63	65.097477	0.015873016	2.517197182	0.65097477
63	64.638086	63	64.638086	0.015873016	2.533070198	0.64638086
62	64.638086	62	64.638086	0.016129032	2.549199231	0.64638086
62	64.212723	62	64.212723	0.016129032	2.565328263	0.64212723
62	65.52284	62	65.52284	0.016129032	2.581457295	0.6552284
62	64.740173	62	64.740173	0.016129032	2.597586327	0.64740173
62	65.097477	62	65.097477	0.016129032	2.61371536	0.65097477
62	59.108373	62	59.108373	0.016129032	2.629844392	0.59108373
62	64.638086	62	64.638086	0.016129032	2.645973424	0.64638086
61	65.165535	61	65.165535	0.016393443	2.662366867	0.65165535
61	64.638086	61	64.638086	0.016393443	2.678760309	0.64638086
61	64.6551	61	64.6551	0.016393443	2.695153752	0.646551
61	64.672115	61	64.672115	0.016393443	2.711547195	0.64672115
61	65.063448	61	65.063448	0.016393443	2.727940637	0.65063448
61	64.6551	61	64.6551	0.016393443	2.74433408	0.646551
61	64.638086	61	64.638086	0.016393443	2.760727523	0.64638086
61	64.638086	61	64.638086	0.016393443	2.777120965	0.64638086
61	64.6551	61	64.6551	0.016393443	2.793514408	0.646551
61	64.229738	61	64.229738	0.016393443	2.80990785	0.64229738
61	65.52284	61	65.52284	0.016393443	2.826301293	0.6552284
61	64.6551	61	64.6551	0.016393443	2.842694736	0.646551
61	64.757187	61	64.757187	0.016393443	2.859088178	0.64757187
61	64.212723	61	64.212723	0.016393443	2.875481621	0.64212723
61	64.638086	61	64.638086	0.016393443	2.891875064	0.64638086
61	65.52284	61	65.52284	0.016393443	2.908268506	0.6552284
61	64.6551	61	64.6551	0.016393443	2.924661949	0.646551
61	64.757187	61	64.757187	0.016393443	2.941055391	0.64757187
61	65.097477	61	65.097477	0.016393443	2.957448834	0.65097477
61	64.740173	61	64.740173	0.016393443	2.973842277	0.64740173
61	65.52284	61	65.52284	0.016393443	2.990235719	0.6552284
61	64.31481	61	64.31481	0.016393443	3.006629162	0.6431481
61	64.757187	61	64.757187	0.016393443	3.023022604	0.64757187
61	64.6551	61	64.6551	0.016393443	3.039416047	0.646551
61	64.229738	61	64.229738	0.016393443	3.05580949	0.64229738
61	64.331825	61	64.331825	0.016393443	3.072202932	0.64331825
61	64.757187	61	64.757187	0.016393443	3.088596375	0.64757187
61	64.638086	61	64.638086	0.016393443	3.104989818	0.64638086
61	64.229738	61	64.229738	0.016393443	3.12138326	0.64229738